A =
  Columns 1 through 14
   -6.2832    6.2832         0         0    1.7671         0         0         0         0         0         0         0         0         0
    6.2832   -5.2360         0    4.1888   -6.2832    1.0472         0         0         0         0         0         0         0         0
   -6.2832   -1.0472   25.1327   -4.1888  -18.8496    5.2360         0         0         0         0         0         0         0         0
         0         0         0         0   -9.4248         0    9.4248         0         0         0         0         0         0         0
    3.5343         0  -25.1327         0   25.1327   -6.2832   12.5664    6.2832  -25.1327         0    5.3014         0         0         0
         0         0         0         0         0         0   -6.2832   -5.2360   25.1327    4.1888  -18.8496    1.0472         0         0
         0         0         0         0         0         0  -18.8496   -1.0472   50.2655   -4.1888  -31.4159    5.2360         0         0
         0         0         0         0         0         0         0         0         0         0  -18.8496         0   18.8496         0
         0         0         0         0         0         0    7.0686         0  -50.2655         0   43.9823   -6.2832   12.5664    6.2832
         0         0         0         0         0         0         0         0         0         0         0         0   -6.2832   -5.2360
         0         0         0         0         0         0         0         0         0         0         0         0  -18.8496   -1.0472
         0         0         0         0         0         0         0         0         0         0         0         0         0         0
         0         0         0         0         0         0         0         0         0         0         0         0   28.2743         0
         0         0         0         0         0         0         0         0         0         0         0         0         0         0
         0         0         0         0         0         0         0         0         0         0         0         0         0         0
         0         0         0         0         0         0         0         0         0         0         0         0         0         0
  Columns 15 through 24
         0         0         0         0         0         0         0         0         0         0
         0         0         0         0         0         0         0         0         0         0
         0         0         0         0         0         0         0         0         0         0
         0         0         0         0         0         0         0         0         0         0
         0         0         0         0         0         0         0         0         0         0
         0         0         0         0         0         0         0         0         0         0
         0         0         0         0         0         0         0         0         0         0
         0         0         0         0         0         0         0         0         0         0
  -25.1327         0   21.2058         0         0         0         0         0         0         0
   25.1327    4.1888  -18.8496    1.0472         0         0         0         0         0         0
   50.2655   -4.1888  -31.4159    5.2360         0         0         0         0         0         0
         0         0  -37.6991         0   37.6991         0         0         0         0         0
  -50.2655         0   43.9823   -6.2832   50.2655    6.2832  -75.3982         0   21.9911         0
         0         0         0         0  -31.4159   -5.2360   75.3982    4.1888  -43.9823    1.0472
         0         0         0         0  -43.9823   -1.0472  100.5310   -4.1888  -56.5487    5.2360
         0         0         0         0         0         0         0         0  -50.2655         0
