D_ =
  Columns 1 through 14
    0.0001   -0.0000         0         0   -0.0001    0.0000         0         0         0         0         0         0         0         0
   -0.0000    0.0001         0         0    0.0000   -0.0001         0         0         0         0         0         0         0         0
         0         0    0.0017   -0.0005    0.0004   -0.0001         0         0         0         0         0         0         0         0
         0         0   -0.0005    0.0017   -0.0001    0.0004         0         0         0         0         0         0         0         0
   -0.0001    0.0000    0.0004   -0.0001    0.0008   -0.0002         0         0         0         0         0         0         0         0
    0.0000   -0.0001   -0.0001    0.0004   -0.0002    0.0008         0         0         0         0         0         0         0         0
         0         0         0         0         0         0    0.0010   -0.0003    0.0004   -0.0001   -0.0003    0.0001         0         0
         0         0         0         0         0         0   -0.0003    0.0010   -0.0001    0.0004    0.0001   -0.0003         0         0
         0         0         0         0         0         0    0.0004   -0.0001    0.0052   -0.0016    0.0009   -0.0003         0         0
         0         0         0         0         0         0   -0.0001    0.0004   -0.0016    0.0052   -0.0003    0.0009         0         0
         0         0         0         0         0         0   -0.0003    0.0001    0.0009   -0.0003    0.0016   -0.0005         0         0
         0         0         0         0         0         0    0.0001   -0.0003   -0.0003    0.0009   -0.0005    0.0016         0         0
         0         0         0         0         0         0         0         0         0         0         0         0    0.0039   -0.0012
         0         0         0         0         0         0         0         0         0         0         0         0   -0.0012    0.0039
         0         0         0         0         0         0         0         0         0         0         0         0    0.0017   -0.0005
         0         0         0         0         0         0         0         0         0         0         0         0   -0.0005    0.0017
         0         0         0         0         0         0         0         0         0         0         0         0   -0.0013    0.0004
         0         0         0         0         0         0         0         0         0         0         0         0    0.0004   -0.0013
         0         0         0         0         0         0         0         0         0         0         0         0         0         0
         0         0         0         0         0         0         0         0         0         0         0         0         0         0
         0         0         0         0         0         0         0         0         0         0         0         0         0         0
         0         0         0         0         0         0         0         0         0         0         0         0         0         0
         0         0         0         0         0         0         0         0         0         0         0         0         0         0
         0         0         0         0         0         0         0         0         0         0         0         0         0         0
  Columns 15 through 24
         0         0         0         0         0         0         0         0         0         0
         0         0         0         0         0         0         0         0         0         0
         0         0         0         0         0         0         0         0         0         0
         0         0         0         0         0         0         0         0         0         0
         0         0         0         0         0         0         0         0         0         0
         0         0         0         0         0         0         0         0         0         0
         0         0         0         0         0         0         0         0         0         0
         0         0         0         0         0         0         0         0         0         0
         0         0         0         0         0         0         0         0         0         0
         0         0         0         0         0         0         0         0         0         0
         0         0         0         0         0         0         0         0         0         0
         0         0         0         0         0         0         0         0         0         0
    0.0017   -0.0005   -0.0013    0.0004         0         0         0         0         0         0
   -0.0005    0.0017    0.0004   -0.0013         0         0         0         0         0         0
    0.0207   -0.0062    0.0034   -0.0010         0         0         0         0         0         0
   -0.0062    0.0207   -0.0010    0.0034         0         0         0         0         0         0
    0.0034   -0.0010    0.0065   -0.0019         0         0         0         0         0         0
   -0.0010    0.0034   -0.0019    0.0065         0         0         0         0         0         0
         0         0         0         0    0.0048   -0.0014    0.0023   -0.0007   -0.0013    0.0004
         0         0         0         0   -0.0014    0.0048   -0.0007    0.0023    0.0004   -0.0013
         0         0         0         0    0.0023   -0.0007    0.0214   -0.0064    0.0031   -0.0009
         0         0         0         0   -0.0007    0.0023   -0.0064    0.0214   -0.0009    0.0031
         0         0         0         0   -0.0013    0.0004    0.0031   -0.0009    0.0059   -0.0018
         0         0         0         0    0.0004   -0.0013   -0.0009    0.0031   -0.0018    0.0059
